0 2.1 21
10 2.7 48
20 3.3 81
30 3.9 120
40 5.7 177
50 4.5 222
60 3.9 261
70 5.7 318
80 5.1 369
90 11.4 483
100 12.9 612
110 8.7 699
120 14.1 840
130 18 1020
140 15.3 1173
150 29.1 1464
160 30.3 1767
170 30.3 2070
180 34.8 2418
190 0 2418
200 0 2418
210 0 2418
220 0 2418
230 0 2418
240 0 2418
250 0 2418
260 0 2418
270 0 2418
280 0 2418
290 0 2418
300 0 2418
310 0 2418
320 0 2418
330 0 2418
340 0 2418
350 0 2418
360 0 2418
370 0 2418
380 0 2418
390 0 2418
400 0 2418
410 0 2418
420 0 2418
430 0 2418
440 0 2418
450 0 2418
460 0 2418
470 0 2418
480 0 2418
490 0 2418
500 0 2418
510 0 2418
520 0 2418
530 0 2418
540 0 2418
550 0 2418
560 0 2418
570 0 2418
580 0 2418
590 0 2418
600 0 2418
610 0 2418
620 0 2418
630 0 2418
640 0 2418
650 0 2418
660 0 2418
670 0 2418
