0 1.4 14.34779575892857 28.697591265498172 116.451904296875 1.35986328125 0 0
10 1.8 5.999593098958333 3.851667720414054 116.451904296875 1.35986328125 14.34779575892857 14
20 2.2 5.863636363636363 3.982176882382538 116.451904296875 1.324951171875 9.651931762695313 32
30 2.6 5.752676156850962 3.9749758375247173 116.451904296875 1.324951171875 8.108552155671296 54
40 3.8 5.697111430921052 4.050294042415999 116.451904296875 1.281982421875 7.342892456054687 80
50 3 5.637752278645833 4.042590474875647 116.451904296875 1.1689453125 6.812895176774364 118
60 2.6 5.7755596454326925 3.9449295025213043 116.451904296875 1.1689453125 6.574690535261825 148
70 3.8 5.657123766447368 4.060369168906385 116.451904296875 1.1669921875 6.455280172413793 174
80 3.4 5.780481675091912 3.997440229574466 116.451904296875 1.1669921875 6.312214401533019 212
90 7.6 5.991657457853617 4.000082296970304 116.451904296875 1.090087890625 6.2387228864964435 246
100 8.6 5.64627430050872 4.057486079133744 116.451904296875 1.090087890625 6.180409307065218 322
110 5.8 5.816153690732759 4.345802924011932 116.451904296875 1.090087890625 6.067822026271446 408
120 9.4 5.628449135638295 4.01534526740809 116.451904296875 0.93310546875 6.0364984995305795 466
130 12 5.733203124999999 3.9648660734453323 116.451904296875 0.93310546875 5.968004499162946 560
140 10.2 5.691415824142157 4.022197394723295 116.451904296875 0.93310546875 5.926568962545955 680
150 19.4 5.71779105589562 4.03551711459524 116.451904296875 0.93310546875 5.895896814058504 782
160 20.2 5.708399404393567 4.236182901399547 116.451904296875 0.93310546875 5.860494644915471 976
170 20.2 5.69343672648515 4.156886111716637 116.451904296875 0.93310546875 5.834413797219864 1178
180 23.2 5.683204387796336 4.23959404292975 116.451904296875 0.93310546875 5.813778023097826 1380
190 0 0 0 116.451904296875 0.93310546875 5.794985787744261 1612
200 0 0 0 116.451904296875 0.93310546875 5.794985787744261 1612
210 0 0 0 116.451904296875 0.93310546875 5.794985787744261 1612
220 0 0 0 116.451904296875 0.93310546875 5.794985787744261 1612
230 0 0 0 116.451904296875 0.93310546875 5.794985787744261 1612
240 0 0 0 116.451904296875 0.93310546875 5.794985787744261 1612
250 0 0 0 116.451904296875 0.93310546875 5.794985787744261 1612
260 0 0 0 116.451904296875 0.93310546875 5.794985787744261 1612
270 0 0 0 116.451904296875 0.93310546875 5.794985787744261 1612
280 0 0 0 116.451904296875 0.93310546875 5.794985787744261 1612
290 0 0 0 116.451904296875 0.93310546875 5.794985787744261 1612
300 0 0 0 116.451904296875 0.93310546875 5.794985787744261 1612
310 0 0 0 116.451904296875 0.93310546875 5.794985787744261 1612
320 0 0 0 116.451904296875 0.93310546875 5.794985787744261 1612
330 0 0 0 116.451904296875 0.93310546875 5.794985787744261 1612
340 0 0 0 116.451904296875 0.93310546875 5.794985787744261 1612
350 0 0 0 116.451904296875 0.93310546875 5.794985787744261 1612
360 0 0 0 116.451904296875 0.93310546875 5.794985787744261 1612
370 0 0 0 116.451904296875 0.93310546875 5.794985787744261 1612
380 0 0 0 116.451904296875 0.93310546875 5.794985787744261 1612
390 0 0 0 116.451904296875 0.93310546875 5.794985787744261 1612
400 0 0 0 116.451904296875 0.93310546875 5.794985787744261 1612
410 0 0 0 116.451904296875 0.93310546875 5.794985787744261 1612
420 0 0 0 116.451904296875 0.93310546875 5.794985787744261 1612
430 0 0 0 116.451904296875 0.93310546875 5.794985787744261 1612
440 0 0 0 116.451904296875 0.93310546875 5.794985787744261 1612
450 0 0 0 116.451904296875 0.93310546875 5.794985787744261 1612
460 0 0 0 116.451904296875 0.93310546875 5.794985787744261 1612
470 0 0 0 116.451904296875 0.93310546875 5.794985787744261 1612
480 0 0 0 116.451904296875 0.93310546875 5.794985787744261 1612
490 0 0 0 116.451904296875 0.93310546875 5.794985787744261 1612
500 0 0 0 116.451904296875 0.93310546875 5.794985787744261 1612
510 0 0 0 116.451904296875 0.93310546875 5.794985787744261 1612
520 0 0 0 116.451904296875 0.93310546875 5.794985787744261 1612
530 0 0 0 116.451904296875 0.93310546875 5.794985787744261 1612
540 0 0 0 116.451904296875 0.93310546875 5.794985787744261 1612
550 0 0 0 116.451904296875 0.93310546875 5.794985787744261 1612
560 0 0 0 116.451904296875 0.93310546875 5.794985787744261 1612
570 0 0 0 116.451904296875 0.93310546875 5.794985787744261 1612
580 0 0 0 116.451904296875 0.93310546875 5.794985787744261 1612
590 0 0 0 116.451904296875 0.93310546875 5.794985787744261 1612
600 0 0 0 116.451904296875 0.93310546875 5.794985787744261 1612
610 0 0 0 116.451904296875 0.93310546875 5.794985787744261 1612
620 0 0 0 116.451904296875 0.93310546875 5.794985787744261 1612
630 0 0 0 116.451904296875 0.93310546875 5.794985787744261 1612
640 0 0 0 116.451904296875 0.93310546875 5.794985787744261 1612
650 0 0 0 116.451904296875 0.93310546875 5.794985787744261 1612
660 0 0 0 116.451904296875 0.93310546875 5.794985787744261 1612
670 0 0 0 116.451904296875 0.93310546875 5.794985787744261 1612
