0 0.1 7.114180251444337 0 7.114180251444337 7.114180251444337 0 0
10 0.1 2.355250245338567 0.0 7.114180251444337 2.355250245338567 7.114180251444337 1
20 0.1 1.185770750988142 0.0 7.114180251444337 1.185770750988142 4.734715248391452 2
30 0.1 1.3806706114398422 0.0 7.114180251444337 1.185770750988142 3.5517337492570156 3
40 0.1 1.4807502467917077 0.0 7.114180251444337 1.185770750988142 3.0089679648027223 4
50 0.1 1.4807502467917077 0.0 7.114180251444337 1.185770750988142 2.703324421200519 5
60 0.1 1.477832512315271 0.0 7.114180251444337 1.185770750988142 2.4995620587990506 6
70 0.1 1.477832512315271 0.0 7.114180251444337 1.185770750988142 2.3536006950156536 7
80 0.1 1.8737672583826428 0.0 7.114180251444337 1.185770750988142 2.2441296721781057 8
90 0.1 1.673228346456693 0.0 7.114180251444337 1.185770750988142 2.2029782928674986 9
100 0.1 2.747791952894995 0.0 7.114180251444337 1.185770750988142 2.150003298226418 10
110 0.1 2.066929133858268 0.0 7.114180251444337 1.185770750988142 2.204347721378107 11
120 0.1 2.0771513353115725 0.0 7.114180251444337 1.185770750988142 2.1928961724181204 12
130 0.1 2.665350444225074 0.0 7.114180251444337 1.185770750988142 2.183992723409925 13
140 0.1 2.3738872403560833 0.0 7.114180251444337 1.185770750988142 2.218375417753864 14
150 0.1 2.66798418972332 0.0 7.114180251444337 1.185770750988142 2.2287428725940117 15
160 0.1 4.063429137760158 0.0 7.114180251444337 1.185770750988142 2.2561954549145935 16
170 0.1 4.4422507403751235 0.0 7.114180251444337 1.185770750988142 2.3625033186113917 17
180 0.1 4.051383399209486 0.0 7.114180251444337 1.185770750988142 2.47804484204271 18
190 0.1 3.180914512922465 0.0 7.114180251444337 1.185770750988142 2.5608521345251716 19
200 0.1 1.085883514313919 0.0 7.114180251444337 1.085883514313919 2.5918552534450363 20
210 0.1 1.0880316518298714 0.0 7.114180251444337 1.085883514313919 2.520142313486412 21
220 0.1 0.9891196834817012 0.0 7.114180251444337 0.9891196834817012 2.4550463743202053 22
230 0.1 1.089108910891089 0.0 7.114180251444337 0.9891196834817012 2.3913104312402704 23
240 0.1 0.9900990099009901 0.0 7.114180251444337 0.9891196834817012 2.3370520345590546 24
250 0.1 0.9910802775024776 0.0 7.114180251444337 0.9891196834817012 2.2831739135727322 25
260 0.1 0.8955223880597015 0.0 7.114180251444337 0.8955223880597015 2.233478004493107 26
270 0.1 1.188118811881188 0.0 7.114180251444337 0.8955223880597015 2.1839240927733514 27
280 0.1 0.9950248756218906 0.0 7.114180251444337 0.8955223880597015 2.1483596184557743 28
290 0.1 1.0945273631840797 0.0 7.114180251444337 0.8955223880597015 2.1085894549097786 29
300 0.1 0.9960159362549801 0.0 7.114180251444337 0.8955223880597015 2.0747873851855885 30
310 0.1 1.5873015873015872 0.0 7.114180251444337 0.8955223880597015 2.039988306187827 31
320 0.1 0.891089108910891 0.0 7.114180251444337 0.891089108910891 2.0258418462226317 32
330 0.1 1.0880316518298714 0.0 7.114180251444337 0.891089108910891 1.9914553996374273 33
340 0.1 1.0880316518298714 0.0 7.114180251444337 0.891089108910891 1.964884112937205 34
350 0.1 1.089108910891089 0.0 7.114180251444337 0.891089108910891 1.9398311854769954 35
360 0.1 0.8928571428571428 0.0 7.114180251444337 0.891089108910891 1.9162000111829423 36
370 0.1 0.9891196834817012 0.0 7.114180251444337 0.891089108910891 1.8885420958227854 37
380 0.1 0.9930486593843099 0.0 7.114180251444337 0.891089108910891 1.8648730849717043 38
390 0.1 0.8946322067594433 0.0 7.114180251444337 0.891089108910891 1.8425186125207456 39
400 0.1 1.0901883052527255 0.0 7.114180251444337 0.891089108910891 1.818821452376713 40
410 0.1 0.9970089730807578 0.0 7.114180251444337 0.891089108910891 1.801049912202957 41
420 0.1 1.1952191235059761 0.0 7.114180251444337 0.891089108910891 1.7819060803190951 42
430 0.1 0.9960159362549801 0.0 7.114180251444337 0.891089108910891 1.768262197602511 43
440 0.1 0.9950248756218906 0.0 7.114180251444337 0.891089108910891 1.750711146208249 44
450 0.1 1.5779092702169626 0.0 7.114180251444337 0.891089108910891 1.7339181179729966 45
460 0.1 21.03799814643188 0.0 21.03799814643188 0.891089108910891 1.730526621282648 46
470 0.1 11.461318051575931 0.0 21.03799814643188 0.891089108910891 2.1413238877751852 47
480 0.1 1.0901883052527255 0.0 21.03799814643188 0.891089108910891 2.3354904328543675 48
490 0.1 0.9910802775024776 0.0 21.03799814643188 0.891089108910891 2.31007610371964 49
500 0.1 1.3888888888888888 0.0 21.03799814643188 0.891089108910891 2.283696187195297 50
510 0.1 0.9910802775024776 0.0 21.03799814643188 0.891089108910891 2.266150946052034 51
520 0.1 1.188118811881188 0.0 21.03799814643188 0.891089108910891 2.241630356272235 52
530 0.1 0.9930486593843099 0.0 21.03799814643188 0.891089108910891 2.2217527799629697 53
540 0.1 1.0956175298804782 0.0 21.03799814643188 0.891089108910891 2.198998999952254 54
550 0.1 1.1892963330029733 0.0 21.03799814643188 0.891089108910891 2.1789375186782216 55
560 0.1 1.2922465208747516 0.0 21.03799814643188 0.891089108910891 2.1612653546483065 56
570 0.1 1.2807881773399015 0.0 21.03799814643188 0.891089108910891 2.1460194101961387 57
580 0.1 0.9891196834817012 0.0 21.03799814643188 0.891089108910891 2.131101630319307 58
590 0.1 1.0848126232741617 0.0 21.03799814643188 0.891089108910891 2.1117460041017204 59
600 0.1 1.2757605495583906 0.0 21.03799814643188 0.891089108910891 2.0946304477545943 60
610 0.1 1.0848126232741617 0.0 21.03799814643188 0.891089108910891 2.0812063510628533 61
620 0.1 0.9891196834817012 0.0 21.03799814643188 0.891089108910891 2.0651354844856167 62
630 0.1 0.9861932938856016 0.0 21.03799814643188 0.891089108910891 2.0480558685966654 63
640 0.1 1.085883514313919 0.0 21.03799814643188 0.891089108910891 2.031464265866805 64
650 0.1 1.4720314033366046 0.0 21.03799814643188 0.891089108910891 2.0169168696890685 65
660 0.1 1.185770750988142 0.0 21.03799814643188 0.891089108910891 2.008661029289789 66
670 0.1 1.678183613030602 0.0 21.03799814643188 0.891089108910891 1.9963790848375256 67
