120 0.1 1
130 1.2 13
140 0.5 18
150 1.1 29
160 2 49
170 1.4 63
180 1.2 75
190 1.7 92
200 1.8 110
210 2 130
220 4.3 173
230 3.5 208
240 3.6 244
250 5.8 302
260 6.1 363
270 6.5 428
280 11.2 540
290 12.7 667
300 11.1 778
310 10.8 886
320 1.6 902
330 1.9 921
340 3 951
350 3.6 987
360 3.3 1020
370 4.3 1063
380 6.7 1130
390 5.8 1188
400 8.1 1269
410 12.1 1390
420 11.1 1501
430 16 1661
440 3.5 1696
450 1.8 1714
460 1.5 1729
470 3.9 1768
480 3.9 1807
490 2.9 1836
500 4.4 1880
510 7.1 1951
520 6.1 2012
530 8.9 2101
540 13.2 2233
550 9.9 2332
560 16 2492
570 1.3 2505
580 2.2 2527
590 1.9 2546
600 4 2586
610 3.7 2623
620 3 2653
630 5.3 2706
640 5.7 2763
650 5.2 2815
660 9.8 2913
670 10.3 3016
