0 0.1 3173.01953125 0 3173.01953125 3173.01953125 0 0
10 0.1 3171.4375 0.0 3173.01953125 3171.4375 3173.01953125 1
20 0.1 3170.7421875 0.0 3173.01953125 3170.7421875 3172.228515625 2
30 0.1 3169.5390625 0.0 3173.01953125 3169.5390625 3171.7330729166665 3
40 0.1 3167.86328125 0.0 3173.01953125 3167.86328125 3171.1845703125 4
50 0.1 3166.4375 0.0 3173.01953125 3166.4375 3170.5203125 5
60 0.1 3165.015625 0.0 3173.01953125 3165.015625 3169.83984375 6
70 0.1 3163.81640625 0.0 3173.01953125 3163.81640625 3169.1506696428573 7
80 0.1 3161.64453125 0.0 3173.01953125 3161.64453125 3168.48388671875 8
90 0.1 3159.8125 0.0 3173.01953125 3159.8125 3167.7239583333335 9
100 0.1 3155.41015625 0.0 3173.01953125 3155.41015625 3166.9328125 10
110 0.1 3151.41796875 0.0 3173.01953125 3151.41796875 3165.8852982954545 11
120 0.1 3148.0078125 0.0 3173.01953125 3148.0078125 3164.6796875 12
130 0.1 3142.25390625 0.0 3173.01953125 3142.25390625 3163.397235576923 13
140 0.1 3137.05859375 0.0 3173.01953125 3137.05859375 3161.8869977678573 14
150 0.1 3130.76953125 0.0 3173.01953125 3130.76953125 3160.2317708333335 15
160 0.1 3119.8984375 0.0 3173.01953125 3119.8984375 3158.390380859375 16
170 0.1 3108.18359375 0.0 3173.01953125 3108.18359375 3156.126148897059 17
180 0.1 3097.56640625 0.0 3173.01953125 3097.56640625 3153.4626736111113 18
190 0.1 3087.82421875 0.0 3173.01953125 3087.82421875 3150.5207648026317 19
200 0.1 3087.60546875 0.0 3173.01953125 3087.60546875 3147.3859375 20
210 0.1 3087.4765625 0.0 3173.01953125 3087.4765625 3144.5392485119046 21
220 0.1 3087.3359375 0.0 3173.01953125 3087.3359375 3141.945490056818 22
230 0.1 3086.98828125 0.0 3173.01953125 3086.98828125 3139.5711616847825 23
240 0.1 3086.87890625 0.0 3173.01953125 3086.87890625 3137.3802083333335 24
250 0.1 3086.43359375 0.0 3173.01953125 3086.43359375 3135.36015625 25
260 0.1 3085.9921875 0.0 3173.01953125 3085.9921875 3133.4783653846152 26
270 0.1 3085.53515625 0.0 3173.01953125 3085.53515625 3131.7196180555557 27
280 0.1 3085.0859375 0.0 3173.01953125 3085.0859375 3130.0701729910716 28
290 0.1 3084.16015625 0.0 3173.01953125 3084.16015625 3128.5189924568967 29
300 0.1 3083.48828125 0.0 3173.01953125 3083.48828125 3127.0403645833335 30
310 0.1 3082.21484375 0.0 3173.01953125 3082.21484375 3125.6354586693546 31
320 0.1 3082.22265625 0.0 3173.01953125 3082.21484375 3124.278564453125 32
330 0.1 3082.31640625 0.0 3173.01953125 3082.21484375 3123.004142992424 33
340 0.1 3082.19140625 0.0 3173.01953125 3082.19140625 3121.807444852941 34
350 0.1 3082.39453125 0.0 3173.01953125 3082.19140625 3120.6755580357144 35
360 0.1 3082.6328125 0.0 3173.01953125 3082.19140625 3119.6121961805557 36
370 0.1 3082.77734375 0.0 3173.01953125 3082.19140625 3118.6127533783783 37
380 0.1 3082.6953125 0.0 3173.01953125 3082.19140625 3117.6697162828946 38
390 0.1 3082.76171875 0.0 3173.01953125 3082.19140625 3116.772936698718 39
400 0.1 3082.640625 0.0 3173.01953125 3082.19140625 3115.92265625 40
410 0.1 3082.5234375 0.0 3173.01953125 3082.19140625 3115.110899390244 41
420 0.1 3082.47265625 0.0 3173.01953125 3082.19140625 3114.335007440476 42
430 0.1 3082.375 0.0 3173.01953125 3082.19140625 3113.5940225290697 43
440 0.1 3082.28515625 0.0 3173.01953125 3082.19140625 3112.8844992897725 44
450 0.1 3081.53515625 0.0 3173.01953125 3081.53515625 3112.204513888889 45
460 0.1 3081.015625 0.0 3173.01953125 3081.015625 3111.537788722826 46
470 0.1 3080.7734375 0.0 3173.01953125 3080.7734375 3110.8883809840427 47
480 0.1 3080.8359375 0.0 3173.01953125 3080.7734375 3110.260986328125 48
490 0.1 3080.859375 0.0 3173.01953125 3080.7734375 3109.660475127551 49
500 0.1 3080.52734375 0.0 3173.01953125 3080.52734375 3109.084453125 50
510 0.1 3080.5546875 0.0 3173.01953125 3080.52734375 3108.524509803922 51
520 0.1 3080.59375 0.0 3173.01953125 3080.52734375 3107.986628605769 52
530 0.1 3080.6171875 0.0 3173.01953125 3080.52734375 3107.4697818396226 53
540 0.1 3080.5625 0.0 3173.01953125 3080.52734375 3106.972511574074 54
550 0.1 3080.62109375 0.0 3173.01953125 3080.52734375 3106.4923295454546 55
560 0.1 3080.6328125 0.0 3173.01953125 3080.52734375 3106.030343191964 56
570 0.1 3080.69921875 0.0 3173.01953125 3080.52734375 3105.58477247807 57
580 0.1 3080.59765625 0.0 3173.01953125 3080.52734375 3105.1557112068967 58
590 0.1 3080.6484375 0.0 3173.01953125 3080.52734375 3104.739472987288 59
600 0.1 3080.86328125 0.0 3173.01953125 3080.52734375 3104.337955729167 60
610 0.1 3080.93359375 0.0 3173.01953125 3080.52734375 3103.953125 61
620 0.1 3081.01953125 0.0 3173.01953125 3080.52734375 3103.5818422379034 62
630 0.1 3080.984375 0.0 3173.01953125 3080.52734375 3103.2237103174602 63
640 0.1 3086.55859375 0.0 3173.01953125 3080.52734375 3102.876220703125 64
650 0.1 3089.09765625 0.0 3173.01953125 3080.52734375 3102.6251802884617 65
660 0.1 3090.65625 0.0 3173.01953125 3080.52734375 3102.4202178030305 66
670 0.1 3096.046875 0.0 3173.01953125 3080.52734375 3102.2446361940297 67
