0 0.1 0.03125 0 0.03125 0.03125 0 0
10 0.1 0.01953125 0.0 0.03125 0.01953125 0.03125 1
20 0.1 0.01953125 0.0 0.03125 0.01953125 0.025390625 2
30 0.1 0.01953125 0.0 0.03125 0.01953125 0.0234375 3
40 0.1 0.01171875 0.0 0.03125 0.01171875 0.0224609375 4
50 0.1 0.01171875 0.0 0.03125 0.01171875 0.0203125 5
60 0.1 0.01171875 0.0 0.03125 0.01171875 0.018880208333333332 6
70 0.1 0.01171875 0.0 0.03125 0.01171875 0.017857142857142856 7
80 0.1 0.01171875 0.0 0.03125 0.01171875 0.01708984375 8
90 0.1 0.01171875 0.0 0.03125 0.01171875 0.016493055555555556 9
100 0.1 0.078125 0.0 0.078125 0.01171875 0.016015625 10
110 0.1 0.0703125 0.0 0.078125 0.01171875 0.02166193181818182 11
120 0.1 0.05859375 0.0 0.078125 0.01171875 0.025716145833333332 12
130 0.1 0.05078125 0.0 0.078125 0.01171875 0.028245192307692308 13
140 0.1 0.0390625 0.0 0.078125 0.01171875 0.029854910714285716 14
150 0.1 0.0390625 0.0 0.078125 0.01171875 0.03046875 15
160 0.1 0.109375 0.0 0.109375 0.01171875 0.031005859375 16
170 0.1 0.08984375 0.0 0.109375 0.01171875 0.03561580882352941 17
180 0.1 0.078125 0.0 0.109375 0.01171875 0.038628472222222224 18
190 0.1 0.0703125 0.0 0.109375 0.01171875 0.04070723684210526 19
200 0.1 0.05859375 0.0 0.109375 0.01171875 0.0421875 20
210 0.1 0.05078125 0.0 0.109375 0.01171875 0.04296875 21
220 0.1 0.0390625 0.0 0.109375 0.01171875 0.04332386363636364 22
230 0.1 0.03125 0.0 0.109375 0.01171875 0.04313858695652174 23
240 0.1 0.03125 0.0 0.109375 0.01171875 0.042643229166666664 24
250 0.1 0.01953125 0.0 0.109375 0.01171875 0.0421875 25
260 0.1 0.01953125 0.0 0.109375 0.01171875 0.04131610576923077 26
270 0.1 0.01953125 0.0 0.109375 0.01171875 0.04050925925925926 27
280 0.1 0.01953125 0.0 0.109375 0.01171875 0.039760044642857144 28
290 0.1 0.01171875 0.0 0.109375 0.01171875 0.0390625 29
300 0.1 0.01171875 0.0 0.109375 0.01171875 0.03815104166666667 30
310 0.1 0.08984375 0.0 0.109375 0.01171875 0.037298387096774195 31
320 0.1 0.078125 0.0 0.109375 0.01171875 0.0389404296875 32
330 0.1 0.05859375 0.0 0.109375 0.01171875 0.04012784090909091 33
340 0.1 0.05078125 0.0 0.109375 0.01171875 0.04067095588235294 34
350 0.1 0.05078125 0.0 0.109375 0.01171875 0.04095982142857143 35
360 0.1 0.0390625 0.0 0.109375 0.01171875 0.04123263888888889 36
370 0.1 0.03125 0.0 0.109375 0.01171875 0.041173986486486486 37
380 0.1 0.03125 0.0 0.109375 0.01171875 0.04091282894736842 38
390 0.1 0.01953125 0.0 0.109375 0.01171875 0.040665064102564104 39
400 0.1 0.01953125 0.0 0.109375 0.01171875 0.04013671875 40
410 0.1 0.01953125 0.0 0.109375 0.01171875 0.039634146341463415 41
420 0.1 0.01171875 0.0 0.109375 0.01171875 0.03915550595238095 42
430 0.1 0.01171875 0.0 0.109375 0.01171875 0.038517441860465115 43
440 0.1 0.01171875 0.0 0.109375 0.01171875 0.037908380681818184 44
450 0.1 0.01171875 0.0 0.109375 0.01171875 0.03732638888888889 45
460 0.1 0.08984375 0.0 0.109375 0.01171875 0.03676970108695652 46
470 0.1 0.0703125 0.0 0.109375 0.01171875 0.03789893617021277 47
480 0.1 0.05859375 0.0 0.109375 0.01171875 0.03857421875000001 48
490 0.1 0.2109375 0.0 0.2109375 0.01171875 0.03898278061224491 49
500 0.1 0.1796875 0.0 0.2109375 0.01171875 0.04242187500000001 50
510 0.1 0.1484375 0.0 0.2109375 0.01171875 0.04511335784313726 51
520 0.1 0.12890625 0.0 0.2109375 0.01171875 0.04710036057692309 52
530 0.1 0.109375 0.0 0.2109375 0.01171875 0.04864386792452831 53
540 0.1 0.08984375 0.0 0.2109375 0.01171875 0.049768518518518524 54
550 0.1 0.078125 0.0 0.2109375 0.01171875 0.0504971590909091 55
560 0.1 0.05859375 0.0 0.2109375 0.01171875 0.05099051339285715 56
570 0.1 0.05078125 0.0 0.2109375 0.01171875 0.05112390350877194 57
580 0.1 0.109375 0.0 0.2109375 0.01171875 0.05111799568965518 58
590 0.1 0.08984375 0.0 0.2109375 0.01171875 0.05210540254237289 59
600 0.1 0.078125 0.0 0.2109375 0.01171875 0.05273437500000001 60
610 0.1 0.0703125 0.0 0.2109375 0.01171875 0.053150614754098366 61
620 0.1 0.05859375 0.0 0.2109375 0.01171875 0.05342741935483872 62
630 0.1 0.05078125 0.0 0.2109375 0.01171875 0.05350942460317461 63
640 0.1 0.0390625 0.0 0.2109375 0.01171875 0.05346679687500001 64
650 0.1 0.03125 0.0 0.2109375 0.01171875 0.05324519230769231 65
660 0.1 0.03125 0.0 0.2109375 0.01171875 0.05291193181818182 66
670 0.1 0.01953125 0.0 0.2109375 0.01171875 0.05258861940298508 67
