30 0.1 1
40 0 1
50 0 1
60 0.1 2
70 0 2
80 0 2
90 0.1 3
100 0 3
110 0 3
120 0.1 4
130 0 4
140 0 4
150 0.1 5
160 0 5
170 0 5
180 0.1 6
190 0 6
200 0 6
210 0 6
220 0 6
230 0 6
240 0 6
250 0 6
260 0 6
270 0 6
280 0 6
290 0 6
300 0 6
310 0 6
320 0 6
330 0 6
340 0 6
350 0 6
360 0 6
370 0 6
380 0 6
390 0 6
400 0 6
410 0 6
420 0 6
430 0 6
440 0 6
450 0 6
460 0 6
470 0 6
480 0 6
490 0 6
500 0 6
510 0 6
520 0 6
530 0 6
540 0 6
550 0 6
560 0 6
570 0 6
580 0 6
590 0 6
600 0 6
610 0 6
620 0 6
630 0 6
640 0 6
650 0 6
660 0 6
670 0 6
