10 0.1 128 0 128 128 0 0
20 0.1 144.0 0.0 144 128 128.0 1
30 0.1 177.0 0.0 177 128 136.0 2
40 0.1 276.0 0.0 276 128 149.66666666666666 3
50 0.1 240.0 0.0 276 128 181.25 4
60 0.1 224.0 0.0 276 128 193.0 5
70 0.1 224.0 0.0 276 128 198.16666666666666 6
80 0.1 336.0 0.0 336 128 201.85714285714286 7
90 0.1 322.0 0.0 336 128 218.625 8
100 0.1 673.0 0.0 673 128 230.11111111111111 9
110 0.1 577.0 0.0 673 128 274.4 10
120 0.1 544.0 0.0 673 128 301.90909090909093 11
130 0.1 928.0 0.0 928 128 322.08333333333337 12
140 0.1 800.0 0.0 928 128 368.6923076923077 13
150 0.1 920.0 0.0 928 128 399.5 14
160 0.1 1626.0 0.0 1626 128 434.2 15
170 0.1 1712.0 0.0 1712 128 508.6875 16
180 0.1 1594.0 0.0 1712 128 579.4705882352941 17
190 0.1 1454.0 0.0 1712 128 635.8333333333334 18
200 0.1 0.0 0.0 1712 0 678.8947368421053 19
210 0.1 1.0 0.0 1712 0 644.95 20
220 0.1 1.0 0.0 1712 0 614.2857142857143 21
230 0.1 1.0 0.0 1712 0 586.409090909091 22
240 0.1 1.0 0.0 1712 0 560.9565217391305 23
250 0.1 0.0 0.0 1712 0 537.6250000000001 24
260 0.1 1.0 0.0 1712 0 516.1200000000001 25
270 0.1 0.0 0.0 1712 0 496.30769230769243 26
280 0.1 2.0 0.0 1712 0 477.92592592592604 27
290 0.1 1.0 0.0 1712 0 460.92857142857156 28
300 0.1 2.0 0.0 1712 0 445.0689655172415 29
310 0.1 1.0 0.0 1712 0 430.3000000000001 30
320 0.1 0.0 0.0 1712 0 416.4516129032259 31
330 0.1 1.0 0.0 1712 0 403.4375000000001 32
340 0.1 1.0 0.0 1712 0 391.24242424242436 33
350 0.1 1.0 0.0 1712 0 379.76470588235304 34
360 0.1 0.0 0.0 1712 0 368.94285714285724 35
370 0.1 2.0 0.0 1712 0 358.69444444444457 36
380 0.1 0.0 0.0 1712 0 349.0540540540542 37
390 0.1 2.0 0.0 1712 0 339.8684210526317 38
400 0.1 0.0 0.0 1712 0 331.2051282051283 39
410 0.1 1.0 0.0 1712 0 322.92500000000007 40
420 0.1 1.0 0.0 1712 0 315.0731707317074 41
430 0.1 2.0 0.0 1712 0 307.5952380952382 42
440 0.1 1.0 0.0 1712 0 300.4883720930233 43
450 0.1 164.0 0.0 1712 0 293.68181818181824 44
460 0.1 88.0 0.0 1712 0 290.80000000000007 45
470 0.1 211.0 0.0 1712 0 286.3913043478262 46
480 0.1 0.0 0.0 1712 0 284.7872340425533 47
490 0.1 1.0 0.0 1712 0 278.85416666666674 48
500 0.1 597.0 0.0 1712 0 273.1836734693878 49
510 0.1 0.0 0.0 1712 0 279.6600000000001 50
520 0.1 142.0 0.0 1712 0 274.17647058823536 51
530 0.1 0.0 0.0 1712 0 271.6346153846155 52
540 0.1 1.0 0.0 1712 0 266.5094339622642 53
550 0.1 1.0 0.0 1712 0 261.59259259259267 54
560 0.1 6.0 0.0 1712 0 256.85454545454553 55
570 0.1 2.0 0.0 1712 0 252.37500000000006 56
580 0.1 2.0 0.0 1712 0 247.98245614035093 57
590 0.1 0.0 0.0 1712 0 243.74137931034488 58
600 0.1 1.0 0.0 1712 0 239.61016949152548 59
610 0.1 5.0 0.0 1712 0 235.63333333333338 60
620 0.1 2.0 0.0 1712 0 231.8524590163935 61
630 0.1 1.0 0.0 1712 0 228.14516129032265 62
640 0.1 1.0 0.0 1712 0 224.5396825396826 63
650 0.1 7.0 0.0 1712 0 221.04687500000006 64
660 0.1 283.0 0.0 1712 0 217.7538461538462 65
670 0.1 769.0 0.0 1712 0 218.7424242424243 66
