0 2.1 15.588750930059524 25.110974665421566 119.06201171875 1.60791015625 0 0
10 2.7 9.922462745949074 9.472968827635103 119.06201171875 1.492919921875 15.588750930059524 21
20 3.3 10.153453480113638 9.41924357475364 119.06201171875 1.492919921875 12.401463826497396 48
30 3.9 9.913411458333334 9.346675407543092 119.06201171875 1.447998046875 11.48560775945216 81
40 5.7 9.791551021107455 9.688866626457983 119.06201171875 1.44384765625 10.974643961588542 120
50 4.5 9.676144748263889 9.68076953187161 119.06201171875 1.35302734375 10.593647929908192 177
60 3.9 9.788680639022436 9.487928372532062 119.06201171875 1.35302734375 10.407667555250564 222
70 5.7 9.719619483278514 9.506216275535783 119.06201171875 1.35302734375 10.315175257423371 261
80 5.1 9.787645526960784 9.589029707651394 119.06201171875 1.35302734375 10.208424694133257 318
90 11.4 10.258840460526313 9.675039112899755 119.06201171875 1.35302734375 10.150268223873645 369
100 12.9 9.921488917151164 9.666605354182144 119.06201171875 1.35302734375 10.175893969170549 483
110 8.7 10.090222588900861 10.021052663133233 119.06201171875 1.35302734375 10.122269374872344 612
120 14.1 9.611743683510639 9.474553088691128 119.06201171875 1.35302734375 10.118280719107652 699
130 18 9.658751085069444 9.445757646437706 119.06201171875 1.3369140625 10.033254859561012 840
140 15.3 10.022966771343945 9.762621284728736 119.06201171875 1.3369140625 9.967165958180146 1020
150 29.1 10.025203534417956 9.590321686817166 119.06201171875 1.22021484375 9.974444325114556 1173
160 30.3 9.957635558477724 11.597453538553406 123.89208984375 1.22021484375 9.984533758111338 1464
170 30.3 10.030284717924914 11.17096644823812 123.89208984375 1.22021484375 9.97992133338639 1767
180 34.8 9.699441844019397 9.572189923513442 123.89208984375 1.22021484375 9.987293365036232 2070
190 0 0 0 123.89208984375 1.22021484375 9.945865602706265 2418
200 0 0 0 123.89208984375 1.22021484375 9.945865602706265 2418
210 0 0 0 123.89208984375 1.22021484375 9.945865602706265 2418
220 0 0 0 123.89208984375 1.22021484375 9.945865602706265 2418
230 0 0 0 123.89208984375 1.22021484375 9.945865602706265 2418
240 0 0 0 123.89208984375 1.22021484375 9.945865602706265 2418
250 0 0 0 123.89208984375 1.22021484375 9.945865602706265 2418
260 0 0 0 123.89208984375 1.22021484375 9.945865602706265 2418
270 0 0 0 123.89208984375 1.22021484375 9.945865602706265 2418
280 0 0 0 123.89208984375 1.22021484375 9.945865602706265 2418
290 0 0 0 123.89208984375 1.22021484375 9.945865602706265 2418
300 0 0 0 123.89208984375 1.22021484375 9.945865602706265 2418
310 0 0 0 123.89208984375 1.22021484375 9.945865602706265 2418
320 0 0 0 123.89208984375 1.22021484375 9.945865602706265 2418
330 0 0 0 123.89208984375 1.22021484375 9.945865602706265 2418
340 0 0 0 123.89208984375 1.22021484375 9.945865602706265 2418
350 0 0 0 123.89208984375 1.22021484375 9.945865602706265 2418
360 0 0 0 123.89208984375 1.22021484375 9.945865602706265 2418
370 0 0 0 123.89208984375 1.22021484375 9.945865602706265 2418
380 0 0 0 123.89208984375 1.22021484375 9.945865602706265 2418
390 0 0 0 123.89208984375 1.22021484375 9.945865602706265 2418
400 0 0 0 123.89208984375 1.22021484375 9.945865602706265 2418
410 0 0 0 123.89208984375 1.22021484375 9.945865602706265 2418
420 0 0 0 123.89208984375 1.22021484375 9.945865602706265 2418
430 0 0 0 123.89208984375 1.22021484375 9.945865602706265 2418
440 0 0 0 123.89208984375 1.22021484375 9.945865602706265 2418
450 0 0 0 123.89208984375 1.22021484375 9.945865602706265 2418
460 0 0 0 123.89208984375 1.22021484375 9.945865602706265 2418
470 0 0 0 123.89208984375 1.22021484375 9.945865602706265 2418
480 0 0 0 123.89208984375 1.22021484375 9.945865602706265 2418
490 0 0 0 123.89208984375 1.22021484375 9.945865602706265 2418
500 0 0 0 123.89208984375 1.22021484375 9.945865602706265 2418
510 0 0 0 123.89208984375 1.22021484375 9.945865602706265 2418
520 0 0 0 123.89208984375 1.22021484375 9.945865602706265 2418
530 0 0 0 123.89208984375 1.22021484375 9.945865602706265 2418
540 0 0 0 123.89208984375 1.22021484375 9.945865602706265 2418
550 0 0 0 123.89208984375 1.22021484375 9.945865602706265 2418
560 0 0 0 123.89208984375 1.22021484375 9.945865602706265 2418
570 0 0 0 123.89208984375 1.22021484375 9.945865602706265 2418
580 0 0 0 123.89208984375 1.22021484375 9.945865602706265 2418
590 0 0 0 123.89208984375 1.22021484375 9.945865602706265 2418
600 0 0 0 123.89208984375 1.22021484375 9.945865602706265 2418
610 0 0 0 123.89208984375 1.22021484375 9.945865602706265 2418
620 0 0 0 123.89208984375 1.22021484375 9.945865602706265 2418
630 0 0 0 123.89208984375 1.22021484375 9.945865602706265 2418
640 0 0 0 123.89208984375 1.22021484375 9.945865602706265 2418
650 0 0 0 123.89208984375 1.22021484375 9.945865602706265 2418
660 0 0 0 123.89208984375 1.22021484375 9.945865602706265 2418
670 0 0 0 123.89208984375 1.22021484375 9.945865602706265 2418
