10 0.1 176 0 176 176 0 0
20 0.1 217.0 0.0 217 176 176.0 1
30 0.1 265.0 0.0 265 176 196.5 2
40 0.1 398.0 0.0 398 176 219.33333333333334 3
50 0.1 392.0 0.0 398 176 264.0 4
60 0.1 364.0 0.0 398 176 289.6 5
70 0.1 362.0 0.0 398 176 302.0 6
80 0.1 530.0 0.0 530 176 310.57142857142856 7
90 0.1 514.0 0.0 530 176 338.0 8
100 0.1 1010.0 0.0 1010 176 357.55555555555554 9
110 0.1 933.0 0.0 1010 176 422.8 10
120 0.1 849.0 0.0 1010 176 469.1818181818182 11
130 0.1 1423.0 0.0 1423 176 500.8333333333333 12
140 0.1 1346.0 0.0 1423 176 571.7692307692307 13
150 0.1 1475.0 0.0 1475 176 627.0714285714286 14
160 0.1 2549.0 0.0 2549 176 683.6 15
170 0.1 2793.0 0.0 2793 176 800.1875 16
180 0.1 2619.0 0.0 2793 176 917.4117647058823 17
190 0.1 2554.0 0.0 2793 176 1011.9444444444445 18
200 0.1 442.0 0.0 2793 176 1093.1052631578948 19
210 0.1 256.0 0.0 2793 176 1060.55 20
220 0.1 344.0 0.0 2793 176 1022.2380952380952 21
230 0.1 315.0 0.0 2793 176 991.4090909090909 22
240 0.1 318.0 0.0 2793 176 962.0 23
250 0.1 348.0 0.0 2793 176 935.1666666666666 24
260 0.1 327.0 0.0 2793 176 911.68 25
270 0.1 362.0 0.0 2793 176 889.1923076923077 26
280 0.1 419.0 0.0 2793 176 869.6666666666666 27
290 0.1 645.0 0.0 2793 176 853.5714285714286 28
300 0.1 685.0 0.0 2793 176 846.3793103448276 29
310 0.1 836.0 0.0 2793 176 841.0 30
320 0.1 539.0 0.0 2793 176 840.8387096774194 31
330 0.1 357.0 0.0 2793 176 831.40625 32
340 0.1 331.0 0.0 2793 176 817.030303030303 33
350 0.1 295.0 0.0 2793 176 802.7352941176471 34
360 0.1 336.0 0.0 2793 176 788.2285714285714 35
370 0.1 320.0 0.0 2793 176 775.6666666666666 36
380 0.1 310.0 0.0 2793 176 763.3513513513514 37
390 0.1 390.0 0.0 2793 176 751.421052631579 38
400 0.1 339.0 0.0 2793 176 742.1538461538462 39
410 0.1 514.0 0.0 2793 176 732.075 40
420 0.1 708.0 0.0 2793 176 726.7560975609756 41
430 0.1 664.0 0.0 2793 176 726.3095238095239 42
440 0.1 821.0 0.0 2793 176 724.8604651162791 43
450 0.1 596.0 0.0 2793 176 727.0454545454545 44
460 0.1 331.0 0.0 2793 176 724.1333333333333 45
470 0.1 481.0 0.0 2793 176 715.5869565217391 46
480 0.1 330.0 0.0 2793 176 710.5957446808511 47
490 0.1 299.0 0.0 2793 176 702.6666666666666 48
500 0.1 811.0 0.0 2793 176 694.4285714285714 49
510 0.1 305.0 0.0 2793 176 696.76 50
520 0.1 414.0 0.0 2793 176 689.0784313725491 51
530 0.1 354.0 0.0 2793 176 683.7884615384615 52
540 0.1 557.0 0.0 2793 176 677.566037735849 53
550 0.1 598.0 0.0 2793 176 675.3333333333334 54
560 0.1 656.0 0.0 2793 176 673.9272727272727 55
570 0.1 595.0 0.0 2793 176 673.6071428571429 56
580 0.1 267.0 0.0 2793 176 672.2280701754386 57
590 0.1 186.0 0.0 2793 176 665.2413793103449 58
600 0.1 154.0 0.0 2793 154 657.1186440677966 59
610 0.1 109.0 0.0 2793 109 648.7333333333333 60
620 0.1 107.0 0.0 2793 107 639.8852459016393 61
630 0.1 87.0 0.0 2793 87 631.2903225806451 62
640 0.1 1.0 0.0 2793 1 622.6507936507936 63
650 0.1 7.0 0.0 2793 1 612.9375 64
660 0.1 209.0 0.0 2793 1 603.6153846153846 65
670 0.1 699.0 0.0 2793 1 597.6363636363636 66
