510 0.9 509029.6496039496 64.38243258547833 509126.7980957031 508893.10205078125 0 0
520 0.8 509044.3206176758 47.45796613202631 509126.7980957031 508893.10205078125 509029.6496039496 9
530 1.1 509045.7013050426 79.07013575699659 509141.8361816406 508893.10205078125 509036.553610409 17
540 1.7 509017.26338465075 73.96604291050605 509142.8869628906 508893.10205078125 509040.1473475865 28
550 1.5 509033.92205403646 83.42107181730142 509173.87890625 508893.10205078125 509031.5022949219 45
560 1.4 509013.57678222656 63.8215875567696 509173.87890625 508893.10205078125 509032.1072347005 60
570 1.3 509044.14235276444 60.45603261217181 509173.87890625 508893.10205078125 509028.6014734217 74
580 2.2 509026.96047141333 79.63793066262865 509173.87890625 508893.10205078125 509030.92367378325 87
590 1.9 508987.84768194903 69.03264911022623 509173.87890625 508893.10205078125 509030.1237613783 109
600 4.1 509029.31157702935 75.71553160629188 509173.87890625 508893.10205078125 509023.848405838 128
610 3.6 509030.69031439885 78.95123130787583 509173.87890625 508893.10205078125 509025.1737905649 169
620 3 509004.8125976563 76.23267101533598 509173.87890625 508893.10205078125 509026.14254596987 205
630 5.5 509017.644029652 76.95320638651397 509173.87890625 508893.10205078125 509023.41957384476 235
640 5.5 509022.69020774146 69.25201828168771 509173.87890625 508893.10205078125 509022.3242120151 290
650 5.2 509028.55170616735 72.71483220652249 509173.87890625 508891.1979980469 509022.3825591599 345
660 9.8 509023.2436971859 72.70457647032828 509173.87890625 508891.1979980469 509023.19060864195 397
670 10.8 509010.6272153501 73.05324041418513 509173.87890625 508891.1979980469 509023.20111910114 495
