0 3.7484375 3.7484375
10 4.8328125 8.58125
20 5.8984375 14.4796875
30 7.0203125 21.5
40 10.1609375 31.6609375
50 8.0484375 39.709375
60 6.9828125 46.6921875
70 10.1984375 56.890625
80 9.0953125 65.9859375
90 20.396875 86.3828125
100 23.0984375 109.48125
110 15.5828125 125.0640625
120 25.2484375 150.3125
130 32.19375 182.50625
140 27.3796875 209.8859375
150 52.1140625 262
160 54.2828125 316.2828125
170 54.3015625 370.584375
180 62.18125 432.765625
190 0 432.765625
200 0 432.765625
210 0 432.765625
220 0 432.765625
230 0 432.765625
240 0 432.765625
250 0 432.765625
260 0 432.765625
270 0 432.765625
280 0 432.765625
290 0 432.765625
300 0 432.765625
310 0 432.765625
320 0 432.765625
330 0 432.765625
340 0 432.765625
350 0 432.765625
360 0 432.765625
370 0 432.765625
380 0 432.765625
390 0 432.765625
400 0 432.765625
410 0 432.765625
420 0 432.765625
430 0 432.765625
440 0 432.765625
450 0 432.765625
460 0 432.765625
470 0 432.765625
480 0 432.765625
490 0 432.765625
500 0 432.765625
510 0 432.765625
520 0 432.765625
530 0 432.765625
540 0 432.765625
550 0 432.765625
560 0 432.765625
570 0 432.765625
580 0 432.765625
590 0 432.765625
600 0 432.765625
610 0 432.765625
620 0 432.765625
630 0 432.765625
640 0 432.765625
650 0 432.765625
660 0 432.765625
670 0 432.765625
