0 42.1640625 42.1640625
10 54.2109375 96.375
20 66.2578125 162.6328125
30 78.3046875 240.9375
40 114.4453125 355.3828125
50 90.3515625 445.734375
60 78.3046875 524.0390625
70 114.4453125 638.484375
80 102.3984375 740.8828125
90 228.890625 969.7734375
100 259.0078125 1228.78125
110 174.6796875 1403.4609375
120 283.1015625 1686.5625
130 361.40625 2047.96875
140 307.1953125 2355.1640625
150 584.2734375 2939.4375
160 608.3671875 3547.8046875
170 608.3671875 4156.171875
180 698.71875 4854.890625
190 0 4854.890625
200 0 4854.890625
210 0 4854.890625
220 0 4854.890625
230 0 4854.890625
240 0 4854.890625
250 0 4854.890625
260 0 4854.890625
270 0 4854.890625
280 0 4854.890625
290 0 4854.890625
300 0 4854.890625
310 0 4854.890625
320 0 4854.890625
330 0 4854.890625
340 0 4854.890625
350 0 4854.890625
360 0 4854.890625
370 0 4854.890625
380 0 4854.890625
390 0 4854.890625
400 0 4854.890625
410 0 4854.890625
420 0 4854.890625
430 0 4854.890625
440 0 4854.890625
450 0 4854.890625
460 0 4854.890625
470 0 4854.890625
480 0 4854.890625
490 0 4854.890625
500 0 4854.890625
510 0 4854.890625
520 0 4854.890625
530 0 4854.890625
540 0 4854.890625
550 0 4854.890625
560 0 4854.890625
570 0 4854.890625
580 0 4854.890625
590 0 4854.890625
600 0 4854.890625
610 0 4854.890625
620 0 4854.890625
630 0 4854.890625
640 0 4854.890625
650 0 4854.890625
660 0 4854.890625
670 0 4854.890625
