0 7 7
10 16 16
20 27 27
30 42 42
40 60 60
50 74 74
60 87 87
70 106 106
80 124 124
90 165 165
100 204 204
110 233 233
120 281 281
130 341 341
140 391 391
150 488 488
160 592 592
170 690 690
180 806 806
190 806 806
200 806 806
210 806 806
220 806 806
230 806 806
240 806 806
250 806 806
260 806 806
270 806 806
280 806 806
290 806 806
300 806 806
310 806 806
320 806 806
330 806 806
340 806 806
350 806 806
360 806 806
370 806 806
380 806 806
390 806 806
400 806 806
410 806 806
420 806 806
430 806 806
440 806 806
450 806 806
460 806 806
470 806 806
480 806 806
490 806 806
500 806 806
510 797 806
520 789 806
530 778 806
540 761 806
550 746 806
560 732 806
570 719 806
580 697 806
590 678 806
600 637 806
610 601 806
620 571 806
630 516 806
640 461 806
650 409 806
660 311 806
670 203 806
