0 0.7 7
10 0.9 16
20 1.1 27
30 1.5 42
40 1.8 60
50 1.4 74
60 1.3 87
70 1.9 106
80 1.8 124
90 4.1 165
100 3.9 204
110 2.9 233
120 4.8 281
130 6 341
140 5 391
150 9.7 488
160 10.4 592
170 9.8 690
180 11.6 806
190 0 806
200 0 806
210 0 806
220 0 806
230 0 806
240 0 806
250 0 806
260 0 806
270 0 806
280 0 806
290 0 806
300 0 806
310 0 806
320 0 806
330 0 806
340 0 806
350 0 806
360 0 806
370 0 806
380 0 806
390 0 806
400 0 806
410 0 806
420 0 806
430 0 806
440 0 806
450 0 806
460 0 806
470 0 806
480 0 806
490 0 806
500 0 806
510 0 806
520 0 806
530 0 806
540 0 806
550 0 806
560 0 806
570 0 806
580 0 806
590 0 806
600 0 806
610 0 806
620 0 806
630 0 806
640 0 806
650 0 806
660 0 806
670 0 806
