0 0.9 13.369547526041666 34.277287883755285 110.31787109375 0.794921875 0 0
10 0.9 1.0993381076388888 0.2591764659103419 110.31787109375 0.794921875 13.369547526041666 9
20 0.9 1.1494140625 0.2819015115289098 110.31787109375 0.794921875 7.234442816840278 18
30 1.8 1.2376166449652777 0.2677684123480968 110.31787109375 0.794921875 5.206099898726852 27
40 2 1.4535888671875 1.0587604430876012 110.31787109375 0.75390625 3.6187065972222223 45
50 0.9 1.2923719618055556 0.3338627209831806 110.31787109375 0.75390625 2.9525165264423077 65
60 1.5 1.2244303385416666 0.8935294035418926 110.31787109375 0.672119140625 2.750607052364865 74
70 1.7 1.7074620863970589 1.3587006772919572 110.31787109375 0.658935546875 2.493386257900281 89
80 2.2 2.1844593394886362 1.4253813295112323 110.31787109375 0.658935546875 2.3673418153007075 106
90 2.4 1.3360087076822917 0.7811235436112378 110.31787109375 0.658935546875 2.335908889770508 128
100 5.1 1.2912549785539218 0.8185302214577851 110.31787109375 0.658935546875 2.178029913651316 152
110 3.3 1.5586307410037878 0.9758226643874599 110.31787109375 0.658935546875 1.9552440925184729 203
120 6.3 1.4634486607142858 1.1858631957497532 110.31787109375 0.631103515625 1.8997854459083687 236
130 6.7 1.36328125 1.491056563522198 110.31787109375 0.631103515625 1.8078482637437292 299
140 5.5 1.588924893465909 1.2336046420018572 110.31787109375 0.60986328125 1.726465777621243 366
150 7.5 1.2999316406250003 0.747777302146535 110.31787109375 0.60986328125 1.7084972535629455 421
160 9.1 1.3544063358516483 0.9599419855763042 110.31787109375 0.60205078125 1.6467181790259577 496
170 9.2 1.4532497240149456 1.0336549936613726 110.31787109375 0.60205078125 1.6014023736956984 587
180 17.8 1.5683017687851124 1.1929259086854742 110.31787109375 0.60205078125 1.5813286715298234 679
190 24.1 1.5932657708765559 1.4537685451470737 110.31787109375 0.60205078125 1.5786229671091014 857
200 26 1.5460965670072115 1.9993800927518046 110.31787109375 0.601806640625 1.5818369158413024 1098
210 39.1 1.3901448359574808 1.0138217901747233 110.31787109375 0.601806640625 1.5749941391867637 1358
220 50.2 1.4725492561005975 1.1200089550195493 110.31787109375 0.56787109375 1.533669909591195 1749
230 46.9 1.3137680736940298 0.8851860771772664 110.31787109375 0.56787109375 1.520039270740782 2251
240 16.5 1.4512251420454545 1.0048380135885888 110.31787109375 0.56787109375 1.48447265625 2720
244 0 0 0 110.31787109375 0.56787109375 1.4825711519714038 2885
