0 0.1 8.220140641806614 0 8.220140641806614 8.220140641806614 0 0
10 0.1 2.923976608187134 0.0 8.220140641806614 2.923976608187134 8.220140641806614 1
20 0.1 1.3738959764474974 0.0 8.220140641806614 1.3738959764474974 5.572058624996874 2
30 0.1 1.3618677042801557 0.0 8.220140641806614 1.3618677042801557 4.172671075480415 3
40 0.1 2.131782945736434 0.0 8.220140641806614 1.3618677042801557 3.46997023268035 4
50 0.1 2.0368574199806013 0.0 8.220140641806614 1.3618677042801557 3.202332775291567 5
60 0.1 1.0816125860373649 0.0 8.220140641806614 1.0816125860373649 3.0080868827397396 6
70 0.1 2.318840579710145 0.0 8.220140641806614 1.0816125860373649 2.7328762689251147 7
80 0.1 1.7458777885548011 0.0 8.220140641806614 1.0816125860373649 2.6811218077732435 8
90 0.1 1.7424975798644726 0.0 8.220140641806614 1.0816125860373649 2.577205805637861 9
100 0.1 1.932367149758454 0.0 8.220140641806614 1.0816125860373649 2.493734983060522 10
110 0.1 3.5984848484848486 0.0 8.220140641806614 1.0816125860373649 2.442701543669425 11
120 0.1 2.387774594078319 0.0 8.220140641806614 1.0816125860373649 2.5390168190707105 12
130 0.1 4.119850187265917 0.0 8.220140641806614 1.0816125860373649 2.5273828017636033 13
140 0.1 3.3112582781456954 0.0 8.220140641806614 1.0816125860373649 2.6411304721566258 14
150 0.1 2.6565464895635675 0.0 8.220140641806614 1.0816125860373649 2.685805659222564 15
160 0.1 3.91425908667288 0.0 8.220140641806614 1.0816125860373649 2.6839769611188764 16
170 0.1 4.003724394785848 0.0 8.220140641806614 1.0816125860373649 2.7563464979161707 17
180 0.1 4.267161410018553 0.0 8.220140641806614 1.0816125860373649 2.825645269964486 18
190 0.1 7.180851063829788 0.0 8.220140641806614 1.0816125860373649 2.9015145404936473 19
200 0.1 9.24956369982548 0.0 9.24956369982548 1.0816125860373649 3.115481366660455 20
210 0.1 9.130434782608695 0.0 9.24956369982548 1.0816125860373649 3.407580525382599 21
220 0.1 15.11437908496732 0.0 15.11437908496732 1.0816125860373649 3.6677102643474213 22
230 0.1 15.483870967741936 0.0 15.483870967741936 1.0816125860373649 4.165391517417852 23
240 0.1 13.440405748098055 0.0 15.483870967741936 1.0816125860373649 4.636994827848023 24
244 0.1 2.083333333333333 0.0 15.483870967741936 1.0816125860373649 4.989131264658024 25
