0 0.1 3172.33984375 0 3172.33984375 3172.33984375 0 0
10 0.1 3171.8046875 0.0 3172.33984375 3171.8046875 3172.33984375 1
20 0.1 3171.68359375 0.0 3172.33984375 3171.68359375 3172.072265625 2
30 0.1 3171.734375 0.0 3172.33984375 3171.68359375 3171.9427083333335 3
40 0.1 3171.77734375 0.0 3172.33984375 3171.68359375 3171.890625 4
50 0.1 3171.42578125 0.0 3172.33984375 3171.42578125 3171.86796875 5
60 0.1 3171.66796875 0.0 3172.33984375 3171.42578125 3171.7942708333335 6
70 0.1 3170.87109375 0.0 3172.33984375 3170.87109375 3171.7762276785716 7
80 0.1 3171.52734375 0.0 3172.33984375 3170.87109375 3171.6630859375 8
90 0.1 3171.7109375 0.0 3172.33984375 3170.87109375 3171.648003472222 9
100 0.1 3170.8671875 0.0 3172.33984375 3170.8671875 3171.654296875 10
110 0.1 3170.453125 0.0 3172.33984375 3170.453125 3171.5827414772725 11
120 0.1 3169.54296875 0.0 3172.33984375 3169.54296875 3171.4886067708335 12
130 0.1 3169.12109375 0.0 3172.33984375 3169.12109375 3171.3389423076924 13
140 0.1 3168.87109375 0.0 3172.33984375 3168.87109375 3171.1805245535716 14
150 0.1 3168.81640625 0.0 3172.33984375 3168.81640625 3171.0265625 15
160 0.1 3168.6953125 0.0 3172.33984375 3168.6953125 3170.888427734375 16
170 0.1 3167.82421875 0.0 3172.33984375 3167.82421875 3170.7594209558824 17
180 0.1 3167.65625 0.0 3172.33984375 3167.65625 3170.5963541666665 18
190 0.1 3156.45703125 0.0 3172.33984375 3156.45703125 3170.4416118421054 19
200 0.1 3152.88671875 0.0 3172.33984375 3152.88671875 3169.7423828125 20
210 0.1 3151.82421875 0.0 3172.33984375 3151.82421875 3168.9397321428573 21
220 0.1 3151.4609375 0.0 3172.33984375 3151.4609375 3168.1617542613635 22
230 0.1 3151.0390625 0.0 3172.33984375 3151.0390625 3167.4356317934785 23
240 0.1 3150.7421875 0.0 3172.33984375 3150.7421875 3166.75244140625 24
244 0.1 3150.828125 0.0 3172.33984375 3150.7421875 3166.11203125 25
