0 0.1 0.0 0 0.0 0.0 0 0
10 0.1 0.0 0.0 0.0 0.0 0.0 1
20 0.1 0.0 0.0 0.0 0.0 0.0 2
30 0.1 0.0 0.0 0.0 0.0 0.0 3
40 0.1 0.0 0.0 0.0 0.0 0.0 4
50 0.1 0.0 0.0 0.0 0.0 0.0 5
60 0.1 0.0 0.0 0.0 0.0 0.0 6
70 0.1 0.0 0.0 0.0 0.0 0.0 7
80 0.1 0.0 0.0 0.0 0.0 0.0 8
90 0.1 0.0 0.0 0.0 0.0 0.0 9
100 0.1 0.0 0.0 0.0 0.0 0.0 10
110 0.1 0.0 0.0 0.0 0.0 0.0 11
120 0.1 0.0 0.0 0.0 0.0 0.0 12
130 0.1 0.0 0.0 0.0 0.0 0.0 13
140 0.1 0.078125 0.0 0.078125 0.0 0.0 14
150 0.1 0.05859375 0.0 0.078125 0.0 0.005208333333333333 15
160 0.1 0.05078125 0.0 0.078125 0.0 0.008544921875 16
170 0.1 0.05078125 0.0 0.078125 0.0 0.011029411764705883 17
180 0.1 0.0390625 0.0 0.078125 0.0 0.013237847222222222 18
190 0.1 0.03125 0.0 0.078125 0.0 0.01459703947368421 19
200 0.1 0.03125 0.0 0.078125 0.0 0.0154296875 20
210 0.1 0.01953125 0.0 0.078125 0.0 0.016183035714285716 21
220 0.1 0.01953125 0.0 0.078125 0.0 0.016335227272727276 22
230 0.1 0.171875 0.0 0.171875 0.0 0.0164741847826087 23
240 0.1 0.21875 0.0 0.21875 0.0 0.022949218750000003 24
244 0.1 0.3203125 0.0 0.3203125 0.0 0.030781250000000003 25
