0 2.7 88.14072446469908 118.11454200295827 416.197998046875 1.47021484375 0 0
10 2.7 75.34240270543981 99.84690902072099 416.197998046875 1.47021484375 88.14072446469908 27
20 2.6 70.79382324218749 102.45158892413977 416.197998046875 1.47021484375 81.74156358506944 54
30 5.3 75.73163878242924 106.3454071392875 416.197998046875 1.47021484375 78.18354797363281 80
40 6.2 83.29269704511088 111.29672506079604 416.197998046875 1.39111328125 77.20647137864192 133
50 2.7 72.76871744791667 99.57376498570562 416.197998046875 1.39111328125 79.1415790264423 195
60 4.5 79.51570638020833 109.24969238739392 416.197998046875 1.35400390625 78.36650126689189 222
70 5.1 83.45788813572304 115.33911129700562 416.197998046875 1.273193359375 78.56018752194522 267
80 6.6 74.73126035748109 101.47973336975113 416.197998046875 1.273193359375 79.34566780906053 318
90 7 69.98033970424106 98.54370671474587 416.197998046875 1.273193359375 78.55256652832031 384
100 15.5 91.01908707157259 128.848151659012 521.9140625 1.273193359375 77.23085754663408 454
110 9.9 77.43594144570704 108.13327815388466 521.9140625 1.273193359375 80.74017704805522 609
120 18.6 110.95807606686827 161.82098787624616 615.044921875 1.273193359375 80.27814410365907 708
130 20 107.88968139648438 159.80582321792986 615.044921875 1.273193359375 86.66121719667575 894
140 16.8 94.18694341750373 130.15271603871955 615.044921875 1.23291015625 90.54210644709781 1094
150 22.1 138.0679539469033 211.09763936651814 856.47900390625 1.23291015625 91.02731453824535 1262
160 27.6 179.28274049620703 254.9547509056644 1178.469970703125 1.216064453125 98.03741656745196 1483
170 27.4 159.7044864849451 227.7632394104069 1178.469970703125 1.216064453125 110.78540372170801 1759
180 41.4 434.10496159797685 622.910268198777 2921.447021484375 1.216064453125 117.37853145270995 2033
190 69.3 1219.18754403691 1912.894728959524 6310.662841796875 0.64990234375 170.9644497527265 2447
200 78.2 1378.5188703219908 2308.803298191805 7510.01904296875 0.6259765625 402.30795431926765 3140
210 117.3 913.3112274716281 1995.1702617307587 7510.01904296875 0.6259765625 596.9527621505092 3922
220 152.4 739.763099490188 1728.047815542827 7510.01904296875 0.619873046875 669.7866149123683 5095
230 140.3 732.0413589531921 1786.1881990673542 7510.01904296875 0.60693359375 685.8984388278535 6619
240 60 1566.9523046874997 2431.6412075554226 7510.01904296875 0.60693359375 693.968560609934 8022
244 3.3 5950.255223129735 251.90132400116184 7510.01904296875 0.60693359375 754.7189951316853 8622
