10 0.1 416 0 416 416 0 0
20 0.1 386.0 0.0 416 386 416.0 1
30 0.1 288.0 0.0 416 288 401.0 2
40 0.1 742.0 0.0 742 288 363.3333333333333 3
50 0.1 775.0 0.0 775 288 458.0 4
60 0.1 181.0 0.0 775 181 521.4 5
70 0.1 771.0 0.0 775 181 464.6666666666667 6
80 0.1 533.0 0.0 775 181 508.42857142857144 7
90 0.1 815.0 0.0 815 181 511.5 8
100 0.1 1290.0 0.0 1290 181 545.2222222222222 9
110 0.1 1967.0 0.0 1967 181 619.7 10
120 0.1 1583.0 0.0 1967 181 742.1818181818181 11
130 0.1 2580.0 0.0 2580 181 812.25 12
140 0.1 2348.0 0.0 2580 181 948.2307692307693 13
150 0.1 2003.0 0.0 2580 181 1048.2142857142858 14
160 0.1 3036.0 0.0 3036 181 1111.8666666666666 15
170 0.1 3830.0 0.0 3830 181 1232.125 16
180 0.1 3199.0 0.0 3830 181 1384.9411764705883 17
190 0.1 5321.0 0.0 5321 181 1485.7222222222222 18
200 0.1 5749.0 0.0 5749 181 1687.578947368421 19
210 0.1 6307.0 0.0 6307 181 1890.65 20
220 0.1 8368.0 0.0 8368 181 2100.9523809523807 21
230 0.1 8734.0 0.0 8734 181 2385.8181818181815 22
240 0.1 8190.0 0.0 8734 181 2661.8260869565215 23
244 0.1 2603.0 0.0 8734 181 2892.1666666666665 24
