0 3.6 66.08336046006943 68.12181448285115 211.360107421875 1.47021484375 0 0
10 3.6 56.484096950954864 57.22578960702973 211.360107421875 1.47021484375 66.08336046006943 36
20 3.4 54.114875344669116 61.47658044290875 211.360107421875 1.47021484375 61.283728705512154 72
30 7.1 57.57450071522887 63.53396900265849 211.360107421875 1.47021484375 58.984285174675705 106
40 8.3 61.28601515436747 67.40003857957232 263.677978515625 1.39111328125 58.41877841410664 177
50 3.6 54.55468071831597 58.239635444236576 263.677978515625 1.39111328125 59.334088604266825 260
60 6 59.61636555989584 63.4272851651837 263.677978515625 1.35400390625 58.752809266786315 296
70 6.8 62.57174144071693 70.36028072111266 308.47705078125 1.273193359375 58.898352462254216 356
80 8.8 56.02583174272017 59.288875339493295 308.47705078125 1.273193359375 59.487480883328416 424
90 9.4 53.73076223819814 56.94871861690577 308.47705078125 1.273193359375 58.89250993728638 512
100 20.6 67.71533084610134 79.81020281895091 382.93212890625 1.273193359375 58.091842802444305 606
110 13.2 58.05335212476326 65.00011688903155 382.93212890625 1.273193359375 60.53326957214055 812
120 24.7 83.5346047096407 103.87434411895407 510.1748046875 1.273193359375 60.18650145449881 944
130 26.8 81.33884441318794 103.78270228660244 510.1748046875 1.273193359375 65.02863537894889 1191
140 22.4 69.92325374058316 82.65618883810953 510.1748046875 1.23291015625 68.02461620223612 1459
150 29.5 104.49343303098519 141.4374397725616 634.671875 1.23291015625 68.27731662326389 1683
160 36.8 133.77000294560975 163.11384189704873 830.55810546875 1.216064453125 73.67860799853071 1978
170 36.4 120.22694749098558 148.82148375682945 830.55810546875 1.216064453125 83.10470916669996 2346
180 54.1 427.2100579619629 499.1439237088708 1930.380859375 1.216064453125 88.09086959106895 2710
190 92 978.141673477836 1322.8694994880286 3935.575927734375 0.60107421875 144.52380742824323 3251
200 103.5 1025.4493673573356 1512.3308253320054 4531.85791015625 0.60107421875 328.3954057896974 4171
210 156.4 698.5568850778255 1360.4453558552511 4721.0771484375 0.60107421875 466.9760531624414 5206
220 202.6 546.6728407171604 1145.4655690413817 4721.0771484375 0.580078125 520.4756722341787 6770
230 188.2 551.503548211677 1172.5382401023442 4721.0771484375 0.580078125 526.5097176351019 8796
240 82.9 1113.4440602853592 1493.626935528992 4721.0771484375 0.580078125 530.9148861259349 10678
244 3.3 3362.595791903409 155.98203096302151 4721.0771484375 0.580078125 572.8820961179539 11507
