10 0.1 215 0 215 215 0 0
20 0.1 183.0 0.0 215 183 215.0 1
30 0.1 154.0 0.0 215 154 199.0 2
40 0.1 373.0 0.0 373 154 184.0 3
50 0.1 404.0 0.0 404 154 231.25 4
60 0.1 96.0 0.0 404 96 265.8 5
70 0.1 417.0 0.0 417 96 237.5 6
80 0.1 268.0 0.0 417 96 263.14285714285717 7
90 0.1 391.0 0.0 417 96 263.75 8
100 0.1 597.0 0.0 597 96 277.8888888888889 9
110 0.1 1038.0 0.0 1038 96 309.8 10
120 0.1 850.0 0.0 1038 96 376.0 11
130 0.1 1294.0 0.0 1294 96 415.5 12
140 0.1 1127.0 0.0 1294 96 483.0769230769231 13
150 0.1 995.0 0.0 1294 96 529.0714285714286 14
160 0.1 1555.0 0.0 1555 96 560.1333333333333 15
170 0.1 1857.0 0.0 1857 96 622.3125 16
180 0.1 1631.0 0.0 1857 96 694.9411764705883 17
190 0.1 2965.0 0.0 2965 96 746.9444444444445 18
200 0.1 3494.0 0.0 3494 96 863.6842105263158 19
210 0.1 3792.0 0.0 3792 96 995.2 20
220 0.1 5960.0 0.0 5960 96 1128.3809523809523 21
230 0.1 6197.0 0.0 6197 96 1348.0 22
240 0.1 5697.0 0.0 6197 96 1558.8260869565217 23
244 0.1 984.0 0.0 6197 96 1731.25 24
