0 0.9 267.63319227430554 69.44897843894867 436.519775390625 199.571044921875 0 0
10 0.9 228.63072374131946 31.729305659251047 436.519775390625 198.8349609375 267.63319227430554 9
20 0.9 238.41937934027777 44.63096552729351 436.519775390625 167.4228515625 248.1319580078125 18
30 1.8 233.29405381944446 41.18593254832565 436.519775390625 159.52294921875 244.89443178530092 27
40 2 239.22711181640625 53.37841632052187 436.519775390625 153.837890625 240.25428059895833 45
50 0.9 220.50279405381946 42.76529949497984 436.519775390625 153.837890625 239.93822866586538 65
60 1.5 240.98082682291667 48.41024310824595 436.519775390625 153.837890625 237.57445959142737 74
70 1.7 252.78479721966912 50.817661616523566 436.519775390625 153.837890625 238.14856642819524 89
80 2.2 226.41246448863637 38.7563786883399 436.519775390625 153.837890625 240.4958864607901 106
90 2.4 225.75142415364584 30.785641217718084 436.519775390625 153.837890625 238.07529830932617 128
100 5.1 269.78503178615193 96.5227093894381 569.77880859375 153.837890625 236.1294234426398 152
110 3.3 234.65604285037878 56.17080253120748 569.77880859375 153.837890625 244.58477332204433 203
120 6.1 340.5597344070184 109.65664709903605 627.5859375 153.837890625 243.19643389168434 236
130 6.5 334.1830866887019 106.04753201023277 627.5859375 153.837890625 263.19361009180346 297
140 5.8 275.7966434873384 71.96427566580053 627.5859375 152.471923828125 275.9403393150034 362
150 7.1 430.37704252860914 186.4399073534428 880.31396484375 152.471923828125 275.9204956054687 420
160 9.4 530.0768757272273 264.46242528304595 1283.116943359375 152.471923828125 298.25535269618763 491
170 9.1 485.586932842548 194.54350916379124 1283.116943359375 152.471923828125 335.50530682425216 585
180 9.5 1459.9633095189138 1111.0804375769487 3914.52490234375 152.471923828125 355.7086026344074 676
190 23.1 3481.0739957470914 3583.7850041461943 9461.140869140625 5.27197265625 491.77111515584465 771
200 26.1 4083.2278748727867 4487.588058337338 9802.0859375 5.01611328125 1180.921779244246 1002
210 39.9 2673.9203085839586 4017.8559722490513 9999.992919921875 5.01611328125 1780.6857467494312 1263
220 49.8 2114.047266703529 3519.8372232745137 9999.992919921875 5.01611328125 1995.1265350598865 1662
230 46.9 2253.4204830340486 3715.970378256284 9999.992919921875 5.01611328125 2022.5443704110596 2160
240 22.8 4539.816621479232 4389.950936205464 9999.992919921875 5.01611328125 2063.7314745647996 2629
244 2.8 8929.070216587612 182.64296148249522 9999.992919921875 5.01611328125 2261.3329493623114 2857
