0 294.74609375 294.74609375
10 294.30390625 589.05
20 203.8296875 792.8796875
30 486.53046875 1279.41015625
40 578.6109375 1858.02109375
50 230.6 2088.62109375
60 417.79140625 2506.4125
70 482.57890625 2988.99140625
80 661.28984375 3650.28125
90 698.04375 4348.325
100 1530.98046875 5879.30546875
110 892.11484375 6771.4203125
120 1776.5484375 8547.96875
130 1849.565625 10397.534375
140 1550.8734375 11948.4078125
150 1978.2859375 13926.69375
160 2632.86328125 16559.55703125
170 2457.4546875 19017.01171875
180 3023.77265625 22040.784375
190 3773.29609375 25814.08046875
200 4037.39921875 29851.4796875
210 4743.5671875 34595.046875
220 5380.775 39975.821875
230 5002.11640625 44977.93828125
240 3339.80859375 48317.746875
244 707.5625 49025.309375
