0 10.703125 10.703125
10 10.7328125 21.4359375
20 10.33046875 31.76640625
30 21.515625 53.28203125
40 24.24140625 77.5234375
50 10.71171875 88.23515625
60 17.8765625 106.11171875
70 20.28515625 126.396875
80 26.18515625 152.58203125
90 28.60859375 181.190625
100 60.84765625 242.03828125
110 39.33359375 281.371875
120 73.77578125 355.14765625
130 80.821875 435.96953125
140 66.09609375 502.065625
150 89.0234375 591.0890625
160 109.01171875 700.10078125
170 109.04765625 809.1484375
180 172.15234375 981.30078125
190 203.85390625 1185.1546875
200 220.65 1405.8046875
210 298.1671875 1703.971875
220 385.7125 2089.684375
230 348.8109375 2438.4953125
240 168.009375 2606.5046875
244 0 2606.5046875
